energy_eV,delta_vs_alpha02,delta_vs_same_alpha
1.000000000000000021e-02,5.526852522963484807e+04,6.045718749203292100e+04
2.000000000000000042e-02,2.686669761588245456e+04,2.940268355718886596e+04
2.999999999999999889e-02,1.708384296208777232e+04,1.871039309004231836e+04
4.000000000000000083e-02,1.198336907276434613e+04,1.313709636805755144e+04
5.000000000000000278e-02,8.785068620617017586e+03,9.641504502917798163e+03
5.999999999999999778e-02,6.566795736058794319e+03,7.214636823424376416e+03
7.000000000000000666e-02,4.935932215495211494e+03,5.426813007589783410e+03
8.000000000000000167e-02,3.697149415415529802e+03,4.064294017454459208e+03
8.999999999999999667e-02,2.741638074710447199e+03,3.008136104897036148e+03
1.000000000000000056e-01,2.002840849862337336e+03,2.185771116808512488e+03
1.100000000000000006e-01,1.436420950356666026e+03,1.549086109951974549e+03
1.199999999999999956e-01,1.010371799551503500e+03,1.063587128613246477e+03
1.300000000000000044e-01,6.998383730602598689e+02,7.027101337538127837e+02
1.400000000000000133e-01,4.843140591435528677e+02,4.447254149504247493e+02
1.499999999999999944e-01,3.461131859119175829e+02,2.710341775933146096e+02
1.600000000000000033e-01,2.695599588739507908e+02,1.652473707182928990e+02
1.700000000000000122e-01,2.405892872452158713e+02,1.127154438797212492e+02
1.799999999999999933e-01,2.465831944116556258e+02,1.003178741776515750e+02
1.900000000000000022e-01,2.763352310005070080e+02,1.163962989321547212e+02
2.000000000000000111e-01,3.200746050659591901e+02,1.507578224337423478e+02
2.099999999999999922e-01,3.695058213126266082e+02,1.947010931734809844e+02
2.200000000000000011e-01,4.178354691857076091e+02,2.410347347866037921e+02
2.300000000000000100e-01,4.597689525323669386e+02,2.840695468297394086e+02
2.399999999999999911e-01,4.914682246455992072e+02,3.195745755185050143e+02
2.500000000000000000e-01,5.104679129914749183e+02,3.446937289783639358e+02
2.600000000000000089e-01,5.155520620867129082e+02,3.578246137789325871e+02
2.700000000000000178e-01,5.065973328037433703e+02,3.584649794702477266e+02
2.800000000000000266e-01,4.843910039814609263e+02,3.470347311844927845e+02
2.899999999999999800e-01,4.504336179284740638e+02,3.246830123323740622e+02
2.999999999999999889e-01,4.067366809538964958e+02,2.930904653194593834e+02
3.099999999999999978e-01,3.556255734971687730e+02,2.542765542186183723e+02
3.200000000000000067e-01,2.995568635045761994e+02,2.104209050190528103e+02
3.300000000000000155e-01,2.409576947859530947e+02,1.637061319584852299e+02
3.400000000000000244e-01,1.820929992390819052e+02,1.161877335357104073e+02
3.500000000000000333e-01,1.249641269056959629e+02,6.969452797945515954e+01
3.599999999999999867e-01,7.124026907931491337e+01,2.576092281301718501e+01
3.699999999999999956e-01,2.222192508359685093e+01,-1.440976650094869349e+01
3.800000000000000044e-01,-2.116622847635548865e+01,-4.995358088748743342e+01
3.900000000000000133e-01,-5.835725446276798323e+01,-8.032990136565977934e+01
4.000000000000000222e-01,-8.910396982852584813e+01,-1.052863726205600159e+02
4.100000000000000311e-01,-1.134270257409233409e+02,-1.248106086039637148e+02
4.199999999999999845e-01,-1.315552012947062224e+02,-1.390746754060620560e+02
4.299999999999999933e-01,-1.438637906569215659e+02,-1.483780588402769069e+02
4.400000000000000022e-01,-1.508163031448425500e+02,-1.530941528719521330e+02
4.500000000000000111e-01,-1.529137239083129884e+02,-1.536243311262835789e+02
4.600000000000000200e-01,-1.506543967808197806e+02,-1.503624843057320959e+02
4.700000000000000289e-01,-1.445062961631802807e+02,-1.436716265280582263e+02
4.799999999999999822e-01,-1.348921574090692559e+02,-1.338728982577489717e+02
4.899999999999999911e-01,-1.221867334308415565e+02,-1.212461196235475285e+02
5.000000000000000000e-01,-1.067244231583741652e+02,-1.060400578792012141e+02
5.100000000000000089e-01,-8.881473947011913594e+01,-8.848982916881769256e+01
5.200000000000000178e-01,-6.876259153973242633e+01,-6.883839698644770522e+01
5.300000000000000266e-01,-4.689016573186491144e+01,-4.735897245849428572e+01
5.400000000000000355e-01,-2.355729237691382849e+01,-2.437525527051375818e+01
5.500000000000000444e-01,8.224471327626425854e-01,-2.768471592424382455e-01
5.600000000000000533e-01,2.577203606551877257e+01,2.447222735873100419e+01
5.700000000000000622e-01,5.074918855566461673e+01,4.933320896570709380e+01
5.799999999999999600e-01,7.515297565916243627e+01,7.370099076627681711e+01
5.899999999999999689e-01,9.833869183252895141e+01,9.692086614833925751e+01
5.999999999999999778e-01,1.196399717832234586e+02,1.183125340419740041e+02
6.099999999999999867e-01,1.383965150905816586e+02,1.371996173563262857e+02
6.199999999999999956e-01,1.539852885170368211e+02,1.529424789986468056e+02
6.300000000000000044e-01,1.658527846956569647e+02,1.649718480380498704e+02
6.400000000000000133e-01,1.735458347302439961e+02,1.728207087469715475e+02
6.500000000000000222e-01,1.767385975921143597e+02,1.761520524630127227e+02
6.600000000000000311e-01,1.752536613037453606e+02,1.747804253981020395e+02
6.700000000000000400e-01,1.690756563277421094e+02,1.686856900590512964e+02
6.800000000000000488e-01,1.583563565835025884e+02,1.580180091061993153e+02
6.900000000000000577e-01,1.434108780370901286e+02,1.430937074809707497e+02
7.000000000000000666e-01,1.247052267558237446e+02,1.243823189375673905e+02
7.099999999999999645e-01,1.028360477432144791e+02,1.024857266209883591e+02
7.199999999999999734e-01,7.850393876862480624e+01,7.811082016847390719e+01
7.299999999999999822e-01,5.248208483109407041e+01,5.203747940858547594e+01
7.399999999999999911e-01,2.558221518623483703e+01,2.508393402313522813e+01
7.500000000000000000e-01,-1.380025133760086620e+00,-1.928370880028537071e+00
7.600000000000000089e-01,-2.761826213403097796e+01,-2.820834908369616301e+01
7.700000000000000178e-01,-5.240531696444494969e+01,-5.302545108417428565e+01
7.800000000000000266e-01,-7.509837026639721103e+01,-7.573494454737304693e+01
7.900000000000000355e-01,-9.515828029722604242e+01,-9.579721771111515238e+01
8.000000000000000444e-01,-1.121624294770196002e+02,-1.127904961745440744e+02
8.100000000000000533e-01,-1.258109477871001047e+02,-1.264168442680991689e+02
8.200000000000000622e-01,-1.359266113895062347e+02,-1.365017767533438473e+02
8.300000000000000711e-01,-1.424491085032279614e+02,-1.429882024208281166e+02
8.399999999999999689e-01,-1.454246759261963007e+02,-1.459257322666369987e+02
8.499999999999999778e-01,-1.449923206415571713e+02,-1.454565935760919331e+02
8.599999999999999867e-01,-1.413679426788872604e+02,-1.417994887783918898e+02
8.699999999999999956e-01,-1.348276679441412966e+02,-1.352327249507177953e+02
8.800000000000000044e-01,-1.256915917902604036e+02,-1.260778255696578185e+02
8.900000000000000133e-01,-1.143089417425724719e+02,-1.146846371384805394e+02
9.000000000000000222e-01,-1.010454127325363913e+02,-1.014186818887893367e+02
9.100000000000000311e-01,-8.627313572209692438e+01,-8.665120961358570639e+01
9.200000000000000400e-01,-7.036343736505948243e+01,-7.075209385275852014e+01
9.300000000000000488e-01,-5.368226015222206371e+01,-5.408542618658079704e+01
9.400000000000000577e-01,-3.658786227857210349e+01,-3.700741039931205734e+01
9.500000000000000666e-01,-1.943022270737110091e+01,-1.986596423318093940e+01
9.599999999999999645e-01,-2.551452339905137201e+00,-3.001313027413628376e+00
9.699999999999999734e-01,1.371353679513427970e+01,1.325318708647283295e+01
9.799999999999999822e-01,2.903682598038868079e+01,2.857072898878934808e+01
9.899999999999999911e-01,4.309837391507878124e+01,4.263187034569986622e+01
1.000000000000000000e+00,5.558846328453974195e+01,5.512696081652812552e+01
1.010000000000000009e+00,6.621198732855096125e+01,6.576045668793388188e+01
1.020000000000000018e+00,7.469463488006532259e+01,7.425717604427167373e+01
1.030000000000000027e+00,8.079080875149934116e+01,8.037032082969858493e+01
1.040000000000000036e+00,8.429290297753587424e+01,8.389088050293423748e+01
1.050000000000000044e+00,8.504138610853267721e+01,8.465785238950988401e+01
1.060000000000000053e+00,8.293500419888601982e+01,8.256858005870672912e+01
1.070000000000000062e+00,7.794033807322080065e+01,7.758843278056650661e+01
1.080000000000000071e+00,7.009993009863816837e+01,6.975903145793604665e+01
1.090000000000000080e+00,5.953823661299308156e+01,5.920426977075918273e+01
1.100000000000000089e+00,4.646475948937127498e+01,4.613347951960444249e+01
1.110000000000000098e+00,3.117385627569452922e+01,3.084123827591386302e+01
1.120000000000000107e+00,1.404091201974497416e+01,1.370350425593785459e+01
1.130000000000000115e+00,-4.485235828795210544e+00,-4.830025522775829749e+00
1.140000000000000124e+00,-2.389350940782832922e+01,-2.424721674332679910e+01
1.150000000000000133e+00,-4.362511465111291642e+01,-4.398812556497652793e+01
1.159999999999999920e+00,-6.309085589138947370e+01,-6.346242124299406839e+01
1.169999999999999929e+00,-8.169055116410693529e+01,-8.206890424006100204e+01
1.179999999999999938e+00,-9.883372936591648283e+01,-9.921629209096020929e+01
1.189999999999999947e+00,-1.139607066350203439e+02,-1.143443629939066994e+02
1.199999999999999956e+00,-1.265631045335849052e+02,-1.269445144020312313e+02
1.209999999999999964e+00,-1.362028874481437697e+02,-1.365788112103045933e+02
1.219999999999999973e+00,-1.425290588782342809e+02,-1.428966630543601468e+02
1.229999999999999982e+00,-1.452912612691709455e+02,-1.456483778419246846e+02
1.239999999999999991e+00,-1.443496650487737440e+02,-1.446949819907179347e+02
1.250000000000000000e+00,-1.396807013376207465e+02,-1.400138685411692734e+02
1.260000000000000009e+00,-1.313783802594289511e+02,-1.317000230361279591e+02
1.270000000000000018e+00,-1.196511333181534553e+02,-1.199627741491240727e+02
1.280000000000000027e+00,-1.048143144585745432e+02,-1.051182119872841270e+02
1.290000000000000036e+00,-8.727868123759017749e+01,-8.757760287171487334e+01
1.300000000000000044e+00,-6.753534692994115574e+01,-6.783229722171888909e+01
1.310000000000000053e+00,-4.613783944571606099e+01,-4.643577015373585937e+01
1.320000000000000062e+00,-2.368201805390629744e+01,-2.398354714263586018e+01
1.330000000000000071e+00,-7.846799453741151176e-01,-1.091845651912139337e+00
1.340000000000000080e+00,2.193826700109149641e+01,2.162419439138723476e+01
1.350000000000000089e+00,4.389318237712643622e+01,4.357181392589867386e+01
1.360000000000000098e+00,6.452877039136994597e+01,6.420062700130648636e+01
1.370000000000000107e+00,8.335407064431315405e+01,8.302052451297527114e+01
1.380000000000000115e+00,9.995367623847099026e+01,9.961681123080063571e+01
1.390000000000000124e+00,1.139996201062122338e+02,1.136620245323107810e+02
1.400000000000000133e+00,1.252595202426000895e+02,1.249240318003351717e+02
1.409999999999999920e+00,1.336007405592708892e+02,1.332701676466632819e+02
1.419999999999999929e+00,1.389904991988262566e+02,1.386673450096754152e+02
1.429999999999999938e+00,1.414920327588243651e+02,1.411782483385323985e+02
1.439999999999999947e+00,1.412570951648375797e+02,1.409538849350618932e+02
1.449999999999999956e+00,1.385152262185583822e+02,1.382229246140928467e+02
1.459999999999999964e+00,1.335603599097626386e+02,1.332783911461713728e+02
1.469999999999999973e+00,1.267354500205319141e+02,1.264623752282343503e+02
1.479999999999999982e+00,1.184158651354094047e+02,1.181495128681187481e+02
1.489999999999999991e+00,1.089923431576328028e+02,1.087300113706257036e+02
1.500000000000000000e+00,9.885429482512006416e+01,9.859300556045221242e+01
1.510000000000000009e+00,8.837420646217103126e+01,8.811098932269190698e+01
1.520000000000000018e+00,7.789381625781945218e+01,7.762599379831615920e+01
1.530000000000000027e+00,6.771262968688408534e+01,6.743807739924649525e+01
1.540000000000000036e+00,5.807920408431183290e+01,5.779655977589662541e+01
1.550000000000000044e+00,4.918547721378259041e+01,4.889427910719840753e+01
1.560000000000000053e+00,4.116424848389494429e+01,4.086498790859315022e+01
1.570000000000000062e+00,3.408975350512562841e+01,3.378383601916335977e+01
1.580000000000000071e+00,2.798111234766009403e+01,2.767072979232207075e+01
1.590000000000000080e+00,2.280828813271998357e+01,2.249621267721096984e+01
1.600000000000000089e+00,1.850007346015175358e+01,1.818939232932572736e+01
1.610000000000000098e+00,1.495353413302311374e+01,1.464734969170121381e+01
1.620000000000000107e+00,1.204428724762170866e+01,1.174541084674461544e+01
1.630000000000000115e+00,9.636976303729776205e+00,9.347645383500365668e+00
1.640000000000000124e+00,7.595329494760155065e+00,7.316975736588711143e+00
1.650000000000000133e+00,5.791246314913264470e+00,5.524338246216404791e+00
1.660000000000000142e+00,4.112447410405168036e+00,3.856424158245381317e+00
1.669999999999999929e+00,2.468336652563952516e+00,2.221641104160692048e+00
1.679999999999999938e+00,7.938547369160602329e-01,5.540649631667982078e-01
1.689999999999999947e+00,-9.487586475774170136e-01,-1.184710342011740858e+00
1.699999999999999956e+00,-2.770241002661122831e+00,-3.005780721701560854e+00
1.709999999999999964e+00,-4.656442907215574856e+00,-4.895025845569462852e+00
1.719999999999999973e+00,-6.572037618156350014e+00,-6.816807798419660891e+00
1.729999999999999982e+00,-8.465435588446243997e+00,-8.718907475293642406e+00
1.739999999999999991e+00,-1.027448121574595596e+01,-1.053827473541071136e+01
1.750000000000000000e+00,-1.193248640360327251e+01,-1.220714254883569083e+01
1.760000000000000009e+00,-1.337416392710752255e+01,-1.365906106319010327e+01
1.770000000000000018e+00,-1.454106094948414096e+01,-1.483444275877547192e+01
1.780000000000000027e+00,-1.538615518863444009e+01,-1.568527071811856999e+01
1.790000000000000036e+00,-1.587735745876656424e+01,-1.617870292969345059e+01
1.800000000000000044e+00,-1.599975778973227847e+01,-1.629939971010847799e+01
1.810000000000000053e+00,-1.575655068401612624e+01,-1.605050135540247780e+01
1.820000000000000062e+00,-1.516867096121894853e+01,-1.545328154207520299e+01
1.830000000000000071e+00,-1.427325829161177140e+01,-1.454559180688173292e+01
1.840000000000000080e+00,-1.312114022839723049e+01,-1.337928765555045985e+01
1.850000000000000089e+00,-1.177357606033895543e+01,-1.201688291062365188e+01
1.860000000000000098e+00,-1.029853458248541820e+01,-1.052771293386978790e+01
1.870000000000000107e+00,-8.766787209147503646e+00,-8.983898320226108680e+00
1.880000000000000115e+00,-7.248084806294321503e+00,-7.456389367367042276e+00
1.890000000000000124e+00,-5.807654887503671759e+00,-6.011340572982224018e+00
1.900000000000000133e+00,-4.503209395343486854e+00,-4.707017499988990217e+00
1.910000000000000142e+00,-3.382597088803510399e+00,-3.591380497377663517e+00
1.919999999999999929e+00,-2.482173946657635355e+00,-2.700426458334266311e+00
1.929999999999999938e+00,-1.825905332572808737e+00,-2.057306612421357706e+00
1.939999999999999947e+00,-1.425159842389862375e+00,-1.672180479138721143e+00
1.949999999999999956e+00,-1.279110803290384846e+00,-1.542717952539768955e+00
1.959999999999999964e+00,-1.375630197008677058e+00,-1.655126306272535652e+00
1.969999999999999973e+00,-1.692542867040242927e+00,-1.985558616462090642e+00
1.979999999999999982e+00,-2.199106365400304686e+00,-2.501755154203384013e+00
1.989999999999999991e+00,-2.857592473676046296e+00,-3.164778735873606585e+00
2.000000000000000000e+00,-3.624867904971892152e+00,-3.930726605425635789e+00
2.010000000000000231e+00,-4.453900677687250287e+00,-4.752331917122641691e+00
2.020000000000000018e+00,-5.295151326959439686e+00,-5.580403380234319144e+00
2.030000000000000249e+00,-6.097840506186029685e+00,-6.365087929780517406e+00
2.040000000000000036e+00,-6.811112880421947402e+00,-7.056974332603243916e+00
2.049999999999999822e+00,-7.385138361179760302e+00,-7.608081861133512369e+00
2.060000000000000053e+00,-7.772203389337713375e+00,-7.972794830128473897e+00
2.069999999999999840e+00,-7.927845929225592059e+00,-8.108809224912025826e+00
2.080000000000000071e+00,-7.812078059553170917e+00,-7.978151391875667464e+00
2.089999999999999858e+00,-7.390720667339585326e+00,-7.548311586571255560e+00
2.100000000000000089e+00,-6.636847944683702316e+00,-6.793509003078357367e+00
2.109999999999999876e+00,-5.532308157128655424e+00,-5.696072619156386629e+00
2.120000000000000107e+00,-4.069255033319794990e+00,-4.247887344347938132e+00
2.129999999999999893e+00,-2.251594850023962646e+00,-2.451821455583468978e+00
2.140000000000000124e+00,-9.623142283152036347e-02,-3.230230260201171766e-01
2.149999999999999911e+00,2.366022176341973982e+00,2.110046512038389110e+00
2.160000000000000142e+00,5.089998009685934299e+00,4.804981610104341883e+00
2.169999999999999929e+00,8.016315301060847887e+00,7.705339407066575497e+00
2.180000000000000160e+00,1.107220730222992700e+01,1.074119978549723164e+01
2.189999999999999947e+00,1.417309398984921565e+01,1.383046207354304968e+01
2.200000000000000178e+00,1.722491576464980412e+01,1.688091811491893068e+01
2.209999999999999964e+00,2.012719112274873012e+01,1.979308934645503726e+01
2.220000000000000195e+00,2.277670662247662747e+01,2.246375885088107083e+01
2.229999999999999982e+00,2.507169470195261241e+01,2.479007247938939429e+01
2.240000000000000213e+00,2.691630837023941325e+01,2.667403066207974405e+01
2.250000000000000000e+00,2.822516552879349305e+01,2.802714887949795752e+01
2.260000000000000231e+00,2.892771304619923001e+01,2.877503386232838878e+01
2.270000000000000018e+00,2.897215412264644741e+01,2.886160747285621397e+01
2.280000000000000249e+00,2.832869319215025428e+01,2.825271284162841567e+01
2.290000000000000036e+00,2.699188058564197590e+01,2.693885833856532841e+01
2.300000000000000266e+00,2.498188307667498265e+01,2.493689364005121689e+01
2.310000000000000053e+00,2.234456368992480790e+01,2.229046647108309642e+01
2.319999999999999840e+00,1.915032116163776621e+01,1.906917531502482532e+01
2.330000000000000071e+00,1.549171180528026959e+01,1.536640828070049558e+01
2.339999999999999858e+00,1.147994939381945301e+01,1.129593651189212089e+01
2.350000000000000089e+00,7.240447052324070043e+00,6.987406809297039167e+00
2.359999999999999876e+00,2.907624347022141453e+00,2.580947352652732896e+00
2.370000000000000107e+00,-1.380751352439140378e+00,-1.778842174335149462e+00
2.379999999999999893e+00,-5.489390781671534825e+00,-5.949203116781782263e+00
2.390000000000000124e+00,-9.291166712250568338e+00,-9.795497174616656366e+00
2.399999999999999911e+00,-1.267235523921653595e+01,-1.319711413066000816e+01
2.410000000000000142e+00,-1.553716117339694769e+01,-1.605268778641962157e+01
2.419999999999999929e+00,-1.781129868738522504e+01,-1.828433777702587193e+01
2.430000000000000160e+00,-1.944445675191085954e+01,-1.984071011776892135e+01
2.439999999999999947e+00,-2.041154733325270598e+01,-2.069865834688118156e+01
2.450000000000000178e+00,-2.071270820376029320e+01,-2.086348560330254998e+01
2.459999999999999964e+00,-2.037210661684537172e+01,-2.036775096173320065e+01
2.470000000000000195e+00,-1.943566010043905834e+01,-1.926872564135066668e+01
2.479999999999999982e+00,-1.796785166979731585e+01,-1.764466121034914181e+01
2.490000000000000213e+00,-1.604786495911389110e+01,-1.559009796026183992e+01
2.500000000000000000e+00,-1.376529715554510069e+01,-1.321049328562962266e+01
2.510000000000000231e+00,-1.121572234096316301e+01,-1.061648421004130327e+01
2.520000000000000018e+00,-8.496374287322790764e+00,-7.918113323808483983e+00
2.530000000000000249e+00,-5.702196545965637853e+00,-5.219342748382207020e+00
2.540000000000000036e+00,-2.922470645929258648e+00,-2.613156965030938306e+00
2.550000000000000266e+00,-2.381832459331106877e-01,-1.775142549010745308e-01
2.560000000000000053e+00,2.279766120785775119e+00,2.027649068517288100e+00
2.569999999999999840e+00,4.571479231327582049e+00,3.962223841705270200e+00
2.580000000000000071e+00,6.588122381319132082e+00,5.606477846234422024e+00
2.589999999999999858e+00,8.291226190660660578e+00,6.960360500544339857e+00
2.600000000000000089e+00,9.651361824806233614e+00,8.041645402715140278e+00
2.609999999999999876e+00,1.064637394233742285e+01,8.883059695748061202e+00
2.620000000000000107e+00,1.125937677138331239e+01,9.528604872814842253e+00
2.629999999999999893e+00,1.147672979297481000e+01,1.002931592274675232e+01
2.640000000000000124e+00,1.128620308720420162e+01,1.043873252346786451e+01
2.649999999999999911e+00,1.067552015191368930e+01,1.080836618472563515e+01
2.660000000000000142e+00,9.631429706538726876e+00,1.118344068880878339e+01
2.669999999999999929e+00,8.139410388319085143e+00,1.159916072325004777e+01
2.680000000000000160e+00,6.184056853153701461e+00,1.207772697861845046e+01
2.689999999999999947e+00,3.750136659528637395e+00,1.262626769116414671e+01
2.700000000000000178e+00,8.242487447856898797e-01,1.323579972436025898e+01
2.709999999999999964e+00,-2.603039439716042125e+00,1.388127027397465163e+01
2.720000000000000195e+00,-6.534744055988578992e+00,1.452266679441405550e+01
2.729999999999999982e+00,-1.096490709843249789e+01,1.510712139166325230e+01
2.740000000000000213e+00,-1.587614786722020455e+01,1.557188008728596174e+01
2.750000000000000000e+00,-2.123754513102502628e+01,1.584795999209157458e+01
2.760000000000000231e+00,-2.700305725135626744e+01,1.586428093861754895e+01
2.770000000000000018e+00,-3.311065771686335779e+01,1.555203423657373030e+01
2.780000000000000249e+00,-3.948231992887888708e+01,1.484904091930448722e+01
2.790000000000000036e+00,-4.602493055320930893e+01,1.370385535569700508e+01
2.800000000000000266e+00,-5.263214897243132384e+01,1.207938686842438258e+01
2.810000000000000053e+00,-5.918716556076800828e+01,9.955840782260850119e+00
2.819999999999999840e+00,-6.556624815878123513e+01,7.332819270045671800e+00
2.830000000000000071e+00,-7.164290871592794474e+01,4.230469120273554040e+00
2.839999999999999858e+00,-7.729247472496122384e+01,6.896154181285432117e-01
2.850000000000000089e+00,-8.239681629264400442e+01,-3.229125788503884209e+00
2.859999999999999876e+00,-8.684896209275483159e+01,-7.447209413244729959e+00
2.870000000000000107e+00,-9.055733756577338056e+01,-1.187090161425271440e+01
2.879999999999999893e+00,-9.344937689291995753e+01,-1.639475850051634609e+01
2.890000000000000124e+00,-9.547429555400455570e+01,-2.090566788713147162e+01
2.899999999999999911e+00,-9.660486053696465092e+01,-2.528725321756110489e+01
2.910000000000000142e+00,-9.683805726934838276e+01,-2.942442428660252318e+01
2.919999999999999929e+00,-9.619462196789372399e+01,-3.320785641236966512e+01
2.930000000000000160e+00,-9.471748061401179086e+01,-3.653818806759408488e+01
2.939999999999999947e+00,-9.246920612542632512e+01,-3.932974593506139627e+01
2.950000000000000178e+00,-8.952866852461922065e+01,-4.151363459656424482e+01
2.959999999999999964e+00,-8.598710442693418088e+01,-4.304006383321453910e+01
2.970000000000000195e+00,-8.194386815082717135e+01,-4.387982768546334711e+01
2.979999999999999982e+00,-7.750214438864917099e+01,-4.402489364119854542e+01
2.990000000000000213e+00,-7.276490012603585456e+01,-4.348810514237294456e+01
3.000000000000000000e+00,-6.783133121957584422e+01,-4.230204362045762423e+01
3.010000000000000231e+00,-6.279401803992366382e+01,-4.051713526059494797e+01
3.020000000000000018e+00,-5.773694755347057850e+01,-3.819912072209747578e+01
3.030000000000000249e+00,-5.273449007215196360e+01,-3.542603157454936991e+01
3.040000000000000036e+00,-4.785134254726706615e+01,-3.228483418248698911e+01
3.050000000000000266e+00,-4.314337226539148418e+01,-2.886790964436581319e+01
3.060000000000000053e+00,-3.865922092889205430e+01,-2.526953715316729188e+01
3.070000000000000284e+00,-3.444246501965226059e+01,-2.158253830151112140e+01
3.080000000000000071e+00,-3.053407912774752830e+01,-1.789522237534859883e+01
3.089999999999999858e+00,-2.697491869015605914e+01,-1.428874893046472394e+01
3.100000000000000089e+00,-2.380793015053035333e+01,-1.083499558299187449e+01
3.109999999999999876e+00,-2.107981120673668585e+01,-7.594987809218313402e+00
3.120000000000000107e+00,-1.884188117130507933e+01,-4.617915544437533271e+00
3.129999999999999893e+00,-1.714997944910624028e+01,-1.940730342416031817e+00
3.140000000000000124e+00,-1.606328506207464102e+01,4.117115139765807896e-01
3.149999999999999911e+00,-1.564203697783917590e+01,2.426018857339563795e+00
3.160000000000000142e+00,-1.594422764083535071e+01,4.099226484974277440e+00
3.169999999999999929e+00,-1.702143384593808051e+01,5.437438357731746663e+00
3.180000000000000160e+00,-1.891403306400116691e+01,6.454251654398804661e+00
3.189999999999999947e+00,-2.164612299294427444e+01,7.169061326145683921e+00
3.200000000000000178e+00,-2.522051175755456498e+01,7.605340388815029939e+00
3.209999999999999964e+00,-2.961417136726759480e+01,7.788982023029337398e+00
3.220000000000000195e+00,-3.477454493357187459e+01,7.746776639408293974e+00
3.229999999999999982e+00,-4.061706778468619206e+01,7.505081569485444248e+00
3.240000000000000213e+00,-4.702420502017828596e+01,7.088724176055668735e+00
3.250000000000000000e+00,-5.384622621523600117e+01,6.520162117222710663e+00
3.260000000000000231e+00,-6.090383671151023748e+01,5.818908307439244254e+00
3.270000000000000018e+00,-6.799267052588669458e+01,5.001213675627246502e+00
3.280000000000000249e+00,-7.488952977564250091e+01,4.079988776223025582e+00
3.290000000000000036e+00,-8.136013766397503844e+01,3.064936062185077859e+00
3.300000000000000266e+00,-8.716806454985106711e+01,1.962858323030262753e+00
3.310000000000000053e+00,-9.208439698229250325e+01,7.781053329698881527e-01
3.320000000000000284e+00,-9.589765430232577614e+01,-4.868801480129576476e-01
3.330000000000000071e+00,-9.842342147392812990e+01,-1.830954664512848495e+00
3.339999999999999858e+00,-9.951316327391863581e+01,-3.253639494203557803e+00
3.350000000000000089e+00,-9.906171479096809662e+01,-4.754490236509642642e+00
3.359999999999999876e+00,-9.701300506900376774e+01,-6.332497258816808028e+00
3.370000000000000107e+00,-9.336366122765758746e+01,-7.985539319719389795e+00
3.379999999999999893e+00,-8.816425409871121133e+01,-9.709908587354632914e+00
3.390000000000000124e+00,-8.151807633239369011e+01,-1.149992163770482989e+01
3.399999999999999911e+00,-7.357748192144198640e+01,-1.334762790333708438e+01
3.410000000000000142e+00,-6.453795345475477063e+01,-1.524262436987133640e+01
3.419999999999999929e+00,-5.463019144878250444e+01,-1.717198290789655601e+01
3.430000000000000160e+00,-4.411063071943327429e+01,-1.912029424369508490e+01
3.439999999999999947e+00,-3.325087500949070574e+01,-2.106982995946682280e+01
3.450000000000000178e+00,-2.232659765695929366e+01,-2.300082085142899757e+01
3.459999999999999964e+00,-1.160647963432399621e+01,-2.489184631601826680e+01
3.470000000000000195e+00,-1.341745652671406219e+00,-2.672032514372512679e+01
3.479999999999999982e+00,8.243184697107096781e+00,-2.846309327058042982e+01
3.490000000000000213e+00,1.695848735437323285e+01,-3.009704889868670818e+01
3.500000000000000000e+00,2.465482058532254683e+01,-3.159984030336917726e+01
3.510000000000000231e+00,3.122707925372603910e+01,-3.295056704582206919e+01
3.520000000000000018e+00,3.661591418070295134e+01,-3.413046171114115168e+01
3.530000000000000249e+00,4.080704277556301918e+01,-3.512351719903013247e+01
3.540000000000000036e+00,4.382849955892899629e+01,-3.591702445938692279e+01
3.550000000000000266e+00,4.574608396646858921e+01,-3.650198772620441900e+01
3.560000000000000053e+00,4.665735149734649667e+01,-3.687338893651825344e+01
3.570000000000000284e+00,4.668455797330552315e+01,-3.703028010108344859e+01
3.580000000000000071e+00,4.596700234879905622e+01,-3.697569167171468507e+01
3.589999999999999858e+00,4.465322009218210297e+01,-3.671635595413634690e+01
3.600000000000000089e+00,4.289345757128131709e+01,-3.626225666793134650e+01
3.609999999999999876e+00,4.083281091655020134e+01,-3.562602801702576016e+01
3.620000000000000107e+00,3.860534489677586123e+01,-3.482223816252622584e+01
3.629999999999999893e+00,3.632942405467321123e+01,-3.386660181352576870e+01
3.640000000000000124e+00,3.410439612877559767e+01,-3.277517385383089277e+01
3.649999999999999911e+00,3.200867334905045425e+01,-3.156357972496221720e+01
3.660000000000000142e+00,3.009916705813770221e+01,-3.024633812622156626e+01
3.669999999999999929e+00,2.841195114518928477e+01,-2.883632719018839907e+01
3.680000000000000160e+00,2.696396480252043304e+01,-2.734443669142606126e+01
3.689999999999999947e+00,2.575551859283305589e+01,-2.577943643737761903e+01
3.700000000000000178e+00,2.477334167210051774e+01,-2.414807549967110134e+01
3.709999999999999964e+00,2.399390256945449806e+01,-2.245540939604408948e+01
3.720000000000000195e+00,2.338674995165563786e+01,-2.070533398552934301e+01
3.729999999999999982e+00,2.291765069256367227e+01,-1.890128709421340147e+01
3.740000000000000213e+00,2.255134662086069142e+01,-1.704706318566571355e+01
3.750000000000000000e+00,2.225380406684078594e+01,-1.514767409186563185e+01
3.760000000000000231e+00,2.199388693543312456e+01,-1.321018109780156635e+01
3.770000000000000018e+00,2.174443969093836060e+01,-1.124442139901102422e+01
3.780000000000000249e+00,2.148281695082944864e+01,-9.263555615174791313e+00
3.790000000000000036e+00,2.119093769115541548e+01,-7.284372689732489192e+00
3.800000000000000266e+00,2.085497169814242824e+01,-5.327303710211104715e+00
3.810000000000000053e+00,2.046478235066027196e+01,-3.416116061250964009e+00
3.820000000000000284e+00,2.001325279720387584e+01,-1.577282574229890599e+00
3.830000000000000071e+00,1.949561298877638649e+01,1.609546635318714891e-01
3.839999999999999858e+00,1.890886477763917384e+01,1.769781274861252029e+00
3.850000000000000089e+00,1.825137414771543476e+01,3.221200889170958703e+00
3.859999999999999876e+00,1.752266690787444148e+01,4.489532326043363497e+00
3.870000000000000107e+00,1.672343038915553137e+01,5.552913750717594965e+00
3.879999999999999893e+00,1.585569228697741018e+01,6.394707232956033494e+00
3.890000000000000124e+00,1.492312183414129123e+01,7.004698131389403670e+00
3.899999999999999911e+00,1.393138038561458103e+01,7.379992634615765823e+00
3.910000000000000142e+00,1.288843980515297893e+01,7.525533299067746817e+00
3.919999999999999929e+00,1.180478837430674410e+01,7.454175620937710356e+00
3.930000000000000160e+00,1.069345492088552163e+01,7.186297109936319316e+00
3.939999999999999947e+00,9.569801188416871440e+00,6.748942088435953224e+00
3.950000000000000178e+00,8.451058059540173417e+00,6.174538290005182617e+00
3.959999999999999964e+00,7.355610446834749183e+00,5.499252882317768432e+00
3.970000000000000195e+00,6.302065492543668768e+00,4.761083410163658769e+00
3.979999999999999982e+00,5.308166145670766056e+00,3.997801158893957485e+00
3.990000000000000213e+00,4.389634413260189660e+00,3.244878758086015669e+00
4.000000000000000000e+00,3.559043298622529772e+00,2.533539176443116769e+00
4.009999999999999787e+00,2.824822021190900756e+00,1.889058928639734791e+00
4.020000000000000462e+00,2.190494776308115732e+00,1.329444348421249700e+00
4.030000000000000249e+00,1.654239162474426150e+00,8.645769214465790498e-01
4.040000000000000036e+00,1.208827501543383143e+00,4.958933375786673814e-01
4.049999999999999822e+00,8.419844389461065282e-01,2.166301276998683356e-01
4.060000000000000497e+00,5.371599252180281336e-01,1.262396136932597557e-02
4.070000000000000284e+00,2.746808757368165432e-01,-1.363803536901585511e-01
4.080000000000000071e+00,3.321059923245028855e-02,-2.549985817307816038e-01
4.089999999999999858e+00,-2.085844869456457973e-01,-3.701680579225519185e-01
4.099999999999999645e+00,-4.702835829184148775e-01,-5.089400683847298268e-01
4.110000000000000320e+00,-7.680112056331959147e-01,-6.962567075496753910e-01
4.120000000000000107e+00,-1.112925401844929718e+00,-9.528686129589958309e-01
4.129999999999999893e+00,-1.510022760379905904e+00,-1.293542154978386094e+00
4.139999999999999680e+00,-1.957368457833914333e+00,-1.725686093399779297e+00
4.150000000000000355e+00,-2.445830095398925152e+00,-2.248499583236596600e+00
4.160000000000000142e+00,-2.959357356587994481e+00,-2.852707617434031562e+00
4.169999999999999929e+00,-3.475808340919789963e+00,-3.520909024475625593e+00
4.179999999999999716e+00,-3.968281019843721058e+00,-4.228518898047353147e+00
4.190000000000000391e+00,-4.406867981546034763e+00,-4.945244932676244431e+00
4.200000000000000178e+00,-4.760717723420353487e+00,-5.636998658864484035e+00
4.209999999999999964e+00,-5.000259074468743847e+00,-6.268110846477839004e+00
4.219999999999999751e+00,-5.099429128382340970e+00,-6.803697743326856617e+00
4.230000000000000426e+00,-5.037740784984380049e+00,-7.212013058247081609e+00
4.240000000000000213e+00,-4.802034155293689821e+00,-7.466620625498668673e+00
4.250000000000000000e+00,-4.387776236560382515e+00,-7.548234583515480267e+00
4.259999999999999787e+00,-3.799804020466144294e+00,-7.446096878242162376e+00
4.270000000000000462e+00,-3.052445335012063055e+00,-7.158794351907454612e+00
4.280000000000000249e+00,-2.168996345035262507e+00,-6.694457287559240299e+00
4.290000000000000036e+00,-1.180581408415825706e+00,-6.070325193370067041e+00
4.299999999999999822e+00,-1.244663768382832103e-01,-5.311710642145111905e+00
4.310000000000000497e+00,9.580630028766066175e-01,-4.450434846874742334e+00
4.320000000000000284e+00,2.024113283004563613e+00,-3.522846214763903916e+00
4.330000000000000071e+00,3.031719578493907719e+00,-2.567562621653957322e+00
4.339999999999999858e+00,3.942329301193616686e+00,-1.623097413818682000e+00
4.350000000000000533e+00,4.723059653372869704e+00,-7.255367518565627449e-01
4.360000000000000320e+00,5.348570849355004597e+00,9.356870352414681236e-02
4.370000000000000107e+00,5.802424376111554594e+00,8.089512650791483850e-01
4.379999999999999893e+00,6.077832598835791522e+00,1.402893524872348863e+00
4.389999999999999680e+00,6.177749932571828140e+00,1.865932001790385542e+00
4.400000000000000355e+00,6.114303385736902463e+00,2.196955493318277775e+00
4.410000000000000142e+00,5.907608014786076112e+00,2.402701269764888181e+00
4.419999999999999929e+00,5.584057184775568672e+00,2.496696636351789067e+00
4.429999999999999716e+00,5.174215240531574445e+00,2.497734106206410232e+00
4.440000000000000391e+00,4.710468492114516792e+00,2.428002467502821560e+00
4.450000000000000178e+00,4.224607247143712385e+00,2.311020879732476274e+00
4.459999999999999964e+00,3.745515778038053245e+00,2.169536969277692240e+00
4.469999999999999751e+00,3.297138331357887697e+00,2.023551702981072342e+00
4.480000000000000426e+00,2.896868259974308302e+00,1.888623481936882342e+00
4.490000000000000213e+00,2.554475673580320016e+00,1.774582197011353779e+00
4.500000000000000000e+00,2.271649018130094788e+00,1.684752542730980185e+00
4.509999999999999787e+00,2.042180661478115056e+00,1.615747034678964189e+00
4.520000000000000462e+00,1.852779202524357682e+00,1.557845797508718322e+00
4.530000000000000249e+00,1.684445279870772527e+00,1.495935494327589099e+00
4.540000000000000036e+00,1.514306449254029241e+00,1.410937052016206783e+00
4.549999999999999822e+00,1.317773172904536327e+00,1.281614246406068247e+00
4.560000000000000497e+00,1.070854484617215885e+00,1.086625507689280568e+00
4.570000000000000284e+00,7.524600830778820360e-01,8.066616666900299215e-01
4.580000000000000071e+00,3.465162314312162373e-01,4.265042220302230902e-01
4.589999999999999858e+00,-1.562642253674897397e-01,-6.315734006900486364e-02
4.600000000000000533e+00,-7.570931763576105311e-01,-6.642948847059502171e-01
4.610000000000000320e+00,-1.448401598130300894e+00,-1.370616915745788145e+00
4.620000000000000107e+00,-2.213777841399221735e+00,-2.167233920262567892e+00
4.629999999999999893e+00,-3.028565785528905430e+00,-3.030956462322817124e+00
4.639999999999999680e+00,-3.861092848389759524e+00,-3.931224024923968052e+00
4.650000000000000355e+00,-4.674454091391789134e+00,-4.831617800470176860e+00
4.660000000000000142e+00,-5.428740098149051008e+00,-5.691868884486469327e+00
4.669999999999999929e+00,-6.083565509217031320e+00,-6.470237551154317757e+00
4.679999999999999716e+00,-6.600734065525069028e+00,-7.126111953487264117e+00
4.690000000000000391e+00,-6.946866045337950268e+00,-7.622657550453242337e+00
4.700000000000000178e+00,-7.095815591290973501e+00,-7.929342934375421592e+00
4.709999999999999964e+00,-7.030718337808942842e+00,-8.024173824786238640e+00
4.719999999999999751e+00,-6.745532932343330401e+00,-7.895484305381254231e+00
4.730000000000000426e+00,-6.245971799796413926e+00,-7.543161640253292610e+00
4.740000000000000213e+00,-5.549754602611405296e+00,-6.979216284677657534e+00
4.750000000000000000e+00,-4.686159711720058851e+00,-6.227649562139179196e+00
4.759999999999999787e+00,-3.694891862744341005e+00,-5.323615139083050174e+00
4.770000000000000462e+00,-2.624325280636766955e+00,-4.311913986196748816e+00
4.780000000000000249e+00,-1.529218366926549777e+00,-3.244903135924930737e+00
4.790000000000000036e+00,-4.680263712391594666e-01,-2.179933661031684622e+00
4.799999999999999822e+00,5.000393804809766252e-01,-1.176460771935196270e+00
4.810000000000000497e+00,1.318044264215243899e+00,-2.929871901206286822e-01
4.820000000000000284e+00,1.934290606292831782e+00,4.159909163103590046e-01
4.830000000000000071e+00,2.305047376465013897e+00,9.028683754887314450e-01
4.839999999999999858e+00,2.396906673727513315e+00,1.129490897535743166e+00
4.850000000000000533e+00,2.188647327837561107e+00,1.069256406318972452e+00
4.860000000000000320e+00,1.672514848190793657e+00,7.086519645930264844e-01
4.870000000000000107e+00,8.548598505914428713e-01,4.815378591742280889e-02
4.879999999999999893e+00,-2.438880988184726206e-01,-8.975458724176403891e-01
4.889999999999999680e+00,-1.589899641510894135e+00,-2.099984213516061793e+00
4.900000000000000355e+00,-3.137233674057738231e+00,-3.518009775459107313e+00
4.910000000000000142e+00,-4.829661449071203094e+00,-5.099432994775272121e+00
4.919999999999999929e+00,-6.602930341096636013e+00,-6.783151453494623340e+00
4.929999999999999716e+00,-8.387353478563266407e+00,-8.501636057654003764e+00
4.940000000000000391e+00,-1.011060072360498374e+01,-1.018365197975280978e+01
4.950000000000000178e+00,-1.170056258167682373e+01,-1.175708335931727788e+01
4.959999999999999964e+00,-1.308816127796221451e+01,-1.315173324942669275e+01
4.969999999999999751e+00,-1.420999184087205158e+01,-1.430197943824193274e+01
4.980000000000000426e+00,-1.501068970270273795e+01,-1.514918151673191105e+01
4.990000000000000213e+00,-1.544493898456627079e+01,-1.564375359522285258e+01
5.000000000000000000e+00,-1.547905608196660765e+01,-1.574683892279043107e+01
5.009999999999999787e+00,-1.509210517723994727e+01,-1.543154581768531841e+01
5.020000000000000462e+00,-1.427652467942272452e+01,-1.468372731283690236e+01
5.030000000000000249e+00,-1.303826523117559155e+01,-1.350230844402945785e+01
5.040000000000000036e+00,-1.139645986983401826e+01,-1.189918406561967323e+01
5.049999999999999822e+00,-9.382664404797225188e+00,-9.898725646666322930e+00
5.060000000000000497e+00,-7.039720489063824083e+00,-7.536947154692180462e+00
5.070000000000000284e+00,-4.420304829599447594e+00,-4.860387653725665835e+00
5.080000000000000071e+00,-1.585235302095536092e+00,-1.924771693147887319e+00
5.089999999999999858e+00,1.398391609166773186e+00,1.206491737896265626e+00
5.100000000000000533e+00,4.459157498008252674e+00,4.463914446076899800e+00
5.110000000000000320e+00,7.523301427257949037e+00,7.773587301071069433e+00
5.120000000000000107e+00,1.051665659466677027e+01,1.105884825458256771e+01
5.129999999999999893e+00,1.336648722768442354e+01,1.424192570653656986e+01
5.139999999999999680e+00,1.600317888695645863e+01,1.724553191007536412e+01
5.150000000000000355e+00,1.836174682961129889e+01,1.999438971473790616e+01
5.160000000000000142e+00,2.038313917000552777e+01,2.241668345847730492e+01
5.169999999999999929e+00,2.201532363446512619e+01,2.444543075341582750e+01
5.179999999999999716e+00,2.321415810131000512e+01,2.601977592988076182e+01
5.190000000000000391e+00,2.394405524106559469e+01,2.708620782058997634e+01
5.200000000000000178e+00,2.417845987163128996e+01,2.759970434287949459e+01
5.209999999999999964e+00,2.390016364899422285e+01,2.752480407456594946e+01
5.219999999999999751e+00,2.310148506721118622e+01,2.683660095198881379e+01
5.230000000000000426e+00,2.178434322409812296e+01,2.552165269668553904e+01
5.240000000000000213e+00,1.996025137113516834e+01,2.357878704911555090e+01
5.250000000000000000e+00,1.765025104576703896e+01,2.101978288370209569e+01
5.259999999999999787e+00,1.488479992048530320e+01,1.786989638916970691e+01
5.270000000000000462e+00,1.170361693577110174e+01,1.416819634879129453e+01
5.280000000000000249e+00,8.155477540242376477e+00,9.967667785060434937e+00
5.290000000000000036e+00,4.297940825652723618e+00,5.335040462843743114e+00
5.299999999999999822e+00,1.969800127481740049e-01,3.502985440034436238e-01
5.310000000000000497e+00,-4.073520836867718486e+00,-4.894169461840295554e+00
5.320000000000000284e+00,-8.432446813067389968e+00,-1.029481504182774998e+01
5.330000000000000071e+00,-1.279235389213309304e+01,-1.573859303738220561e+01
5.339999999999999858e+00,-1.706063512776972146e+01,-2.110505524818896816e+01
5.350000000000000533e+00,-2.114098678243992424e+01,-2.626886864723179826e+01
5.360000000000000320e+00,-2.493519761038537652e+01,-3.110273279088018228e+01
5.370000000000000107e+00,-2.834526742910094654e+01,-3.548064904321060453e+01
5.379999999999999893e+00,-3.127583988784034119e+01,-3.928147105884580270e+01
5.389999999999999680e+00,-3.363691001020310978e+01,-4.239264277778713819e+01
5.400000000000000355e+00,-3.534674106965185558e+01,-4.471400834748442321e+01
5.410000000000000142e+00,-3.633489936707387358e+01,-4.616155937945264043e+01
5.419999999999999929e+00,-3.654529143388636214e+01,-4.667097027470390458e+01
5.429999999999999716e+00,-3.593906807592166075e+01,-4.620076344984966710e+01
5.440000000000000391e+00,-3.449724543234863461e+01,-4.473494442671355387e+01
5.450000000000000178e+00,-3.222288656772295212e+01,-4.228495289718731698e+01
5.459999999999999964e+00,-2.914268940232841842e+01,-3.889079064910382044e+01
5.469999999999999751e+00,-2.530783888301199624e+01,-3.462121078381288442e+01
5.480000000000000426e+00,-2.079400347141073979e+01,-2.957288459437849326e+01
5.490000000000000213e+00,-1.570038787589206919e+01,-2.386850187232032283e+01
5.500000000000000000e+00,-1.014779437595779932e+01,-1.765380578630829334e+01
5.509999999999999787e+00,-4.275692303904376601e+00,-1.109361283435876544e+01
5.520000000000000462e+00,1.761653127036894695e+00,-4.366919289812464910e+00
5.530000000000000249e+00,7.799888296238691510e+00,2.338754691261804908e+00
5.540000000000000036e+00,1.366995908921331448e+01,8.833586449253282069e+00
5.549999999999999822e+00,1.920397684630250268e+01,1.493200209135369505e+01
5.560000000000000497e+00,2.424132158285491556e+01,2.045929293261158932e+01
5.570000000000000284e+00,2.863471443825688212e+01,2.525801517047469957e+01
5.580000000000000071e+00,3.225597746976799840e+01,2.919388727508215453e+01
5.589999999999999858e+00,3.500120013263619967e+01,3.216091065066399324e+01
5.600000000000000533e+00,3.679504883248715430e+01,3.408546504673385158e+01
5.610000000000000320e+00,3.759398857870765198e+01,3.492917028522141720e+01
5.620000000000000107e+00,3.738823278239156167e+01,3.469035854609511915e+01
5.629999999999999893e+00,3.620229643397799890e+01,3.340406430811682270e+01
5.639999999999999680e+00,3.409409620357502035e+01,3.114050893735001679e+01
5.650000000000000355e+00,3.115261467403358608e+01,2.800213015913032422e+01
5.660000000000000142e+00,2.749422071200173434e+01,2.411927919617957272e+01
5.669999999999999929e+00,2.325780946343513733e+01,1.964477605763313761e+01
5.679999999999999716e+00,1.859898926095227978e+01,1.474757232659137784e+01
5.690000000000000391e+00,1.368359485029986011e+01,9.605817236876912801e+00
5.700000000000000178e+00,8.680843420948672673e+00,4.399653927769140438e+00
5.709999999999999964e+00,3.756469477079416919e+00,-6.959135459807797019e-01
5.719999999999999751e+00,-9.338248139078118015e-01,-5.517746641438920463e+00
5.730000000000000426e+00,-5.250285756053953534e+00,-9.920579555040465181e+00
5.740000000000000213e+00,-9.074109534801154453e+00,-1.378203499895625939e+01
5.750000000000000000e+00,-1.231130062547542181e+01,-1.700643161759630573e+01
5.759999999999999787e+00,-1.489522477623252783e+01,-1.952723323162411262e+01
5.770000000000000462e+00,-1.678776889160213415e+01,-2.130806498895179857e+01
5.780000000000000249e+00,-1.797909917831248094e+01,-2.234229972562018673e+01
5.790000000000000036e+00,-1.848608733752863387e+01,-2.265129470590563088e+01
5.799999999999999822e+00,-1.834954753585130405e+01,-2.228142981039186310e+01
5.810000000000000497e+00,-1.763048986182975142e+01,-2.130015894187781811e+01
5.820000000000000284e+00,-1.640564513848647721e+01,-1.979133334680927803e+01
5.830000000000000071e+00,-1.476254839877994840e+01,-1.785008602106022124e+01
5.839999999999999858e+00,-1.279448223855387923e+01,-1.557757876816860332e+01
5.850000000000000533e+00,-1.059557607260544643e+01,-1.307590736349864535e+01
5.860000000000000320e+00,-8.256333733711882061e+00,-1.044343640608840218e+01
5.870000000000000107e+00,-5.859821784651637167e+00,-7.770795710892608454e+00
5.879999999999999893e+00,-3.478697347577236254e+00,-5.137717416821264038e+00
5.889999999999999680e+00,-1.173191044468724575e+00,-2.610831076112374305e+00
5.900000000000000355e+00,1.009907770885923650e+00,-2.424671134339639877e-01
5.910000000000000142e+00,3.037285202682893814e+00,1.929548280457790810e+00
5.919999999999999929e+00,4.888242839245521942e+00,3.881187059224650238e+00
5.929999999999999716e+00,6.553086238459430390e+00,5.600737449855105687e+00
5.940000000000000391e+00,8.030948577721284565e+00,7.086725289332690636e+00
5.950000000000000178e+00,9.327265408820643700e+00,8.345446926642800634e+00
5.959999999999999964e+00,1.045112921584920684e+01,9.388335636293660968e+00
5.969999999999999751e+00,1.141274831372460241e+01,1.022938085316717860e+01
5.980000000000000426e+00,1.222121430901258243e+01,1.088280137262533742e+01
5.990000000000000213e+00,1.288274776756696838e+01,1.136114173339563749e+01
6.000000000000000000e+00,1.339954576850898249e+01,1.167391801408936836e+01
6.009999999999999787e+00,1.376930130370902106e+01,1.182688865209561691e+01
6.020000000000000462e+00,1.398540712586464707e+01,1.182197152995544975e+01
6.030000000000000249e+00,1.403779995980292838e+01,1.165777454647469646e+01
6.040000000000000036e+00,1.391434914512198873e+01,1.133065716368788145e+01
6.049999999999999822e+00,1.360265051975812334e+01,1.083619856793942660e+01
6.060000000000000497e+00,1.309205473693595145e+01,1.017091703055800522e+01
6.070000000000000284e+00,1.237574138231402721e+01,9.334066882144819388e+00
6.080000000000000071e+00,1.145264732831488530e+01,8.329335323411987346e+00
6.089999999999999858e+00,1.032906972254674827e+01,7.166271137726047513e+00
6.100000000000000533e+00,9.019789757092260274e+00,5.861300265590941194e+00
6.110000000000000320e+00,7.548600807679004987e+00,4.438217222903080739e+00
6.120000000000000107e+00,5.948170737898480276e+00,2.928083775392309462e+00
6.129999999999999893e+00,4.259219599416534940e+00,1.368513822566477245e+00
6.140000000000000568e+00,2.529046750127556642e+00,-1.976275349777250057e-01
6.150000000000000355e+00,8.094916307750326112e-01,-1.724035963700448093e+00
6.160000000000000142e+00,-8.455436077271518691e-01,-3.163175010107180274e+00
6.169999999999999929e+00,-2.382846944775938169e+00,-4.468730081337221272e+00
6.179999999999999716e+00,-3.752739561236755339e+00,-5.598139702983389476e+00
6.190000000000000391e+00,-4.911814859000326550e+00,-6.515025738016295698e+00
6.200000000000000178e+00,-5.825384191945247814e+00,-7.191348689911139402e+00
6.209999999999999964e+00,-6.469458760915212103e+00,-7.609131428325897062e+00
6.219999999999999751e+00,-6.832128032629049663e+00,-7.761623351757019229e+00
6.230000000000000426e+00,-6.914235875858490310e+00,-7.653815003723653199e+00
6.240000000000000213e+00,-6.729303387262595137e+00,-7.302257697271265613e+00
6.250000000000000000e+00,-6.302698657678075911e+00,-6.734190541250889339e+00
6.259999999999999787e+00,-5.670104848307523149e+00,-5.986024957905971888e+00
6.270000000000000462e+00,-4.875385297543090246e+00,-5.101280934391748900e+00
6.280000000000000249e+00,-3.967984663486992414e+00,-4.128106746341772215e+00
6.290000000000000036e+00,-3.000035563255096349e+00,-3.116542119716410486e+00
6.299999999999999822e+00,-2.023358762982320425e+00,-2.115701832612603361e+00
6.310000000000000497e+00,-1.086550526929503935e+00,-1.171061488605412926e+00
6.320000000000000284e+00,-2.323430048224536804e-01,-3.220193851914293082e-01
6.330000000000000071e+00,5.045967892877217809e-01,4.001112924943199811e-01
6.339999999999999858e+00,1.099295219054273520e+00,9.735558224164553298e-01
6.350000000000000533e+00,1.537433403887319860e+00,1.386891027822182654e+00
6.360000000000000320e+00,1.815593612454315497e+00,1.639176077327312964e+00
6.370000000000000107e+00,1.940791139424013156e+00,1.739405189895822046e+00
6.379999999999999893e+00,1.929339977981447074e+00,1.705331826949070706e+00
6.390000000000000568e+00,1.805144440148015228e+00,1.561755437861070517e+00
6.400000000000000355e+00,1.597545779954383738e+00,1.338396606823361479e+00
6.410000000000000142e+00,1.338880436629757309e+00,1.067512240721143701e+00
6.419999999999999929e+00,1.061923014458908243e+00,7.814176045127587678e-01
6.429999999999999716e+00,7.973916188819287765e-01,5.100856723304272311e-01
6.440000000000000391e+00,5.716855769735431636e-01,2.789863402681349580e-01
6.450000000000000178e+00,4.050066125200042499e-01,1.073092537961546356e-01
6.459999999999999964e+00,3.099857080197236936e-01,6.685780323393730740e-03
6.469999999999999751e+00,2.909012956008141249e-01,-1.950993748271678818e-02
6.480000000000000426e+00,3.435326858673033446e-01,2.375864048555498265e-02
6.490000000000000213e+00,4.556486722451442706e-01,1.237256329097986551e-01
6.500000000000000000e+00,6.080880337067002817e-01,2.609288069198139048e-01
6.509999999999999787e+00,7.763490825870706935e-01,4.108038209340323377e-01
6.520000000000000462e+00,9.325720433218984695e-01,5.456519745407608646e-01
6.530000000000000249e+00,1.047773008090515656e+00,6.368429685349976666e-01
6.540000000000000036e+00,1.094173001442988902e+00,6.570999076111432302e-01
6.549999999999999822e+00,1.047461116169643880e+00,5.827098432572443976e-01
6.560000000000000497e+00,8.888368508345303454e-01,3.955096282743384428e-01
6.570000000000000284e+00,6.066930672459953655e-01,8.451311988437337774e-02
6.580000000000000071e+00,1.978261224792960959e-01,-3.529294242020251104e-01
6.589999999999999858e+00,-3.319081081333234984e-01,-9.105173471279330855e-01
6.600000000000000533e+00,-9.675366534091036641e-01,-1.572972445839635913e+00
6.610000000000000320e+00,-1.685515416407938893e+00,-2.316601858223504617e+00
6.620000000000000107e+00,-2.454844859812432389e+00,-3.110416277471540702e+00
6.629999999999999893e+00,-3.238685441327454395e+00,-3.917733711753332404e+00
6.640000000000000568e+00,-3.996371760744573898e+00,-4.698168937813992585e+00
6.650000000000000355e+00,-4.685700240733686961e+00,-5.409885546494408004e+00
6.660000000000000142e+00,-5.265349336733621044e+00,-6.011972375083744602e+00
6.669999999999999929e+00,-5.697284568027967566e+00,-6.466799937777151897e+00
6.679999999999999716e+00,-5.949003288865736039e+00,-6.742215383026790576e+00
6.690000000000000391e+00,-5.995485683280413980e+00,-6.813446122651390269e+00
6.700000000000000178e+00,-5.820738023136388328e+00,-6.664601649068129241e+00
6.709999999999999964e+00,-5.418840352104355773e+00,-6.289688777494738758e+00
6.719999999999999751e+00,-4.794441654149244059e+00,-5.693085854284435143e+00
6.730000000000000426e+00,-3.962679194502367608e+00,-4.889454360988157333e+00
6.740000000000000213e+00,-2.948532937522152508e+00,-3.903099716903732919e+00
6.750000000000000000e+00,-1.785658634949209844e+00,-2.766824878280151001e+00
6.759999999999999787e+00,-5.147723897666187653e-01,-1.520348653682061624e+00
6.770000000000000462e+00,8.183164336604873412e-01,-2.083838860779074764e-01
6.780000000000000249e+00,2.164909456138328636e+00,1.121512451206053029e+00
6.790000000000000036e+00,3.475735852291081507e+00,2.421195443010119241e+00
6.799999999999999822e+00,4.703253727627215497e+00,3.644170627693207543e+00
6.810000000000000497e+00,5.803813654766516450e+00,4.747695586487537867e+00
6.820000000000000284e+00,6.739573553577737464e+00,5.694637534857805328e+00
6.830000000000000071e+00,7.480071924743066702e+00,6.454997323241728147e+00
6.839999999999999858e+00,8.003388955271356409e+00,7.007032339525247622e+00
6.850000000000000533e+00,8.296850668309417642e+00,7.337935861725964237e+00
6.860000000000000320e+00,8.357258421551517102e+00,7.444056804837715369e+00
6.870000000000000107e+00,8.190652983860427838e+00,7.330669898724524458e+00
6.879999999999999893e+00,7.811647541350057899e+00,7.011330575629890483e+00
6.890000000000000568e+00,7.242385888565598506e+00,6.506869873700068752e+00
6.900000000000000355e+00,6.511199597472122846e+00,5.844101377508142292e+00
6.910000000000000142e+00,5.651050300047886665e+00,5.054323838586654460e+00
6.919999999999999929e+00,4.697849902910609998e+00,4.171709223206745420e+00
6.929999999999999716e+00,3.688752480542831336e+00,3.231666459724197082e+00
6.940000000000000391e+00,2.660507033878582561e+00,2.269266392473610061e+00
6.950000000000000178e+00,1.647950845928744190e+00,1.317803996464238292e+00
6.959999999999999964e+00,6.827096809664721100e-01,4.075606302081831167e-01
6.969999999999999751e+00,-2.078453723560042543e-01,-4.351869422398111920e-01
6.980000000000000426e+00,-1.001352826316828759e+00,-1.188881675569344987e+00
6.990000000000000213e+00,-1.680914642718636776e+00,-1.837114474586231117e+00
7.000000000000000000e+00,-2.235254234465918088e+00,-2.368771782194986741e+00
7.009999999999999787e+00,-2.658600174240894454e+00,-2.777924270086884917e+00
7.020000000000000462e+00,-2.950330834472592478e+00,-3.063491227367042491e+00
7.030000000000000249e+00,-3.114425522815629233e+00,-3.228724815647577628e+00
7.040000000000000036e+00,-3.158774271624198438e+00,-3.280564283903963929e+00
7.049999999999999822e+00,-3.094401145834568823e+00,-3.228912406189777595e+00
7.060000000000000497e+00,-2.934654875913588867e+00,-3.085884971955833223e+00
7.070000000000000284e+00,-2.694416169511589132e+00,-2.865079507367169320e+00
7.080000000000000071e+00,-2.389363780572622886e+00,-2.580902115578319833e+00
7.089999999999999858e+00,-2.035332045436966553e+00,-2.247982116268048891e+00
7.100000000000000533e+00,-1.647781954756577294e+00,-1.880693846528132873e+00
7.110000000000000320e+00,-1.241396773459554570e+00,-1.492794386827184905e+00
7.120000000000000107e+00,-8.298025752687041567e-01,-1.097175891559964533e+00
7.129999999999999893e+00,-4.254045645885100591e-01,-7.057223376261425596e-01
7.140000000000000568e+00,-3.932232472370467136e-02,-3.292534249059928531e-01
7.150000000000000355e+00,3.185984042708045472e-01,2.246653133942566605e-02
7.160000000000000142e+00,6.397229056452935492e-01,3.406793738725721887e-01
7.169999999999999929e+00,9.165397099199559250e-01,6.175682858744939718e-01
7.179999999999999716e+00,1.142572199132246613e+00,8.461999676015583560e-01
7.190000000000000391e+00,1.312310145115491711e+00,1.020492323198252338e+00
7.200000000000000178e+00,1.421176373430727002e+00,1.135220654596494461e+00
7.209999999999999964e+00,1.465537353630269157e+00,1.186068941539484278e+00
7.219999999999999751e+00,1.442759698097132448e+00,1.169726063420950091e+00
7.230000000000000426e+00,1.351307909493215664e+00,1.084020378930907302e+00
7.240000000000000213e+00,1.190872810602991771e+00,9.280804632637040807e-01
7.250000000000000000e+00,9.625153947772540075e-01,7.025054610280088152e-01
7.259999999999999787e+00,6.688077069782720763e-01,4.095257773601130857e-01
7.270000000000000462e+00,3.139510207123199503e-01,5.313389079795616254e-02
7.280000000000000249e+00,-9.614792061110666310e-02,-3.608340300957091351e-01
7.290000000000000036e+00,-5.538595642669419394e-01,-8.246823955439170906e-01
7.299999999999999822e+00,-1.049886274417844545e+00,-1.328918919819360278e+00
7.310000000000000497e+00,-1.573397286946806028e+00,-1.862403118347329523e+00
7.320000000000000284e+00,-2.112246281713746399e+00,-2.412581930593493684e+00
7.330000000000000071e+00,-2.653267886259477848e+00,-2.965807630910580972e+00
7.339999999999999858e+00,-3.182643532740873749e+00,-3.507727248570558842e+00
7.350000000000000533e+00,-3.686321835412143422e+00,-4.023727477688272103e+00
7.360000000000000320e+00,-4.150474432219581011e+00,-4.499414902108114234e+00
7.370000000000000107e+00,-4.561965343440315124e+00,-4.921108581564681117e+00
7.379999999999999893e+00,-4.908810534265073855e+00,-5.276320823671097671e+00
7.390000000000000568e+00,-5.180604596522308647e+00,-5.554202359803409372e+00
7.400000000000000355e+00,-5.368893234255519786e+00,-5.745930087832410216e+00
7.410000000000000142e+00,-5.467473381234543517e+00,-5.845018863987044178e+00
7.419999999999999929e+00,-5.472607031260114496e+00,-5.847543247536978406e+00
7.429999999999999716e+00,-5.383139886899654059e+00,-5.752260281927507712e+00
7.440000000000000391e+00,-5.200521347604334821e+00,-5.560629948731893535e+00
7.450000000000000178e+00,-4.928727769723467489e+00,-5.276735459438039122e+00
7.459999999999999964e+00,-4.574095962678328853e+00,-4.907110677459385784e+00
7.469999999999999751e+00,-4.145078207950898097e+00,-4.460486359361382824e+00
7.480000000000000426e+00,-3.651933441091613552e+00,-3.947470311511436236e+00
7.490000000000000213e+00,-3.106371449157865783e+00,-3.380178805111273554e+00
7.500000000000000000e+00,-2.521167930677356672e+00,-2.771837604361314433e+00
7.509999999999999787e+00,-1.909768063707744545e+00,-2.136370762424400827e+00
7.520000000000000462e+00,-1.285894941970729732e+00,-1.487994041759080233e+00
7.530000000000000249e+00,-6.631770585646283855e-01,-8.408276100918047335e-01
7.540000000000000036e+00,-5.480618823639027415e-02,-2.085397991499505777e-01
7.549999999999999822e+00,5.267661761952719957e-01,3.959695270621788055e-01
7.560000000000000497e+00,1.070088949489913288e+00,9.608407722717979826e-01
7.570000000000000284e+00,1.564926331276851101e+00,1.475479486483735503e+00
7.580000000000000071e+00,2.002428262484777122e+00,1.930734934938452607e+00
7.589999999999999858e+00,2.375259310269958402e+00,2.319035057714060599e+00
7.600000000000000533e+00,2.677690125076898742e+00,2.634481881849063178e+00
7.610000000000000320e+00,2.905656144171670174e+00,2.872912044838192180e+00
7.620000000000000107e+00,3.056788022529734583e+00,3.031926958114698589e+00
7.629999999999999893e+00,3.130417462376898996e+00,3.110896387904333871e+00
7.640000000000000568e+00,3.127560851309080903e+00,3.110938021382005481e+00
7.650000000000000355e+00,3.050881609490015745e+00,3.034874120876660974e+00
7.660000000000000142e+00,2.904630612253887634e+00,2.887164870421706109e+00
7.669999999999999929e+00,2.694562717326788093e+00,2.673816708627415384e+00
7.679999999999999716e+00,2.427826485601052742e+00,2.402263019433657831e+00
7.690000000000000391e+00,2.112823800395724927e+00,2.081214177590221759e+00
7.700000000000000178e+00,1.759036366905192716e+00,1.720474223828797999e+00
7.709999999999999964e+00,1.376817050807608966e+00,1.330722416153403254e+00
7.719999999999999751e+00,9.771456634381596729e-01,9.232595399770275879e-01
7.730000000000000426e+00,5.713510235782915947e-01,5.097210647806716954e-01
7.740000000000000213e+00,1.708037652706750897e-01,1.017618516791671812e-01
7.750000000000000000e+00,-2.134127889855763627e-01,-2.892800609601112738e-01
7.759999999999999787e+00,-5.708435485611994542e-01,-6.527302764376912148e-01
7.770000000000000462e+00,-8.920016867722624365e-01,-9.789226407800813989e-01
7.780000000000000249e+00,-1.168693090395085177e+00,-1.259526830811795950e+00
7.790000000000000036e+00,-1.394309269542565843e+00,-1.487842915144738098e+00
7.799999999999999822e+00,-1.564072436043356884e+00,-1.659046586593954764e+00
7.810000000000000497e+00,-1.675217171438113883e+00,-1.770369527722410519e+00
7.820000000000000284e+00,-1.727094916693175719e+00,-1.821201234027270077e+00
7.830000000000000071e+00,-1.721190399152739303e+00,-1.813101554368309332e+00
7.839999999999999858e+00,-1.661042965487820489e+00,-1.749717110706390910e+00
7.850000000000000533e+00,-1.552070436809685816e+00,-1.636599450710014558e+00
7.860000000000000320e+00,-1.401298303922446920e+00,-1.480928024539784671e+00
7.870000000000000107e+00,-1.217002546298673993e+00,-1.291146567513031362e+00
7.879999999999999893e+00,-1.008279763122386985e+00,-1.076526885946421874e+00
7.890000000000000568e+00,-7.845633092863616431e-01,-8.466790426642316625e-01
7.900000000000000355e+00,-5.551084001291267667e-01,-6.110311866286541882e-01
7.910000000000000142e+00,-3.284723793151395066e-01,-3.783054609841052240e-01
7.919999999999999929e+00,-1.120182745626634169e-01,-1.560182965046650327e-01
7.930000000000000604e+00,8.852979988043141457e-02,4.996624036438726546e-02
7.940000000000000391e+00,2.694520140926201512e-01,2.358026372369272650e-01
7.950000000000000178e+00,4.292944068153355386e-01,3.999251638628995575e-01
7.959999999999999964e+00,5.690065175929562846e-01,5.431841210482365456e-01
7.969999999999999751e+00,6.919407068332261712e-01,6.688429795841255299e-01
7.980000000000000426e+00,8.037057680767775159e-01,7.824293100016476155e-01
7.990000000000000213e+00,9.118752253402689911e-01,8.914402405946826313e-01
8.000000000000000000e+00,1.025558921697126147e+00,1.004911418084523556e+00
